Jefferson, 249
Jeff, 720
MARINA, 5810
, 555
, 557
, 856
, 1127
, 1014
, 1527
, 2538
, 556
, 1241
, 3351
, 304
, 1556
, 1556
, 1064
, 1532
, 1547
, 1547
, 1292
, 1616
, 1616
, 2230
, 1811
, 1811
, 1811
, 1811
, 1811
, 1811
, 3186
, 2272
, 997
, 1973
, 3366
, 2677
, 381
, 1919
marina, 3924
Jefferson, 527
Jefferson, 967
Jefferson, 1517
Jefferson, 1517
Jefferson, 894
Jefferson, 894
Jefferson, 894
Jef, 303
Jef, 726
Jef, 131
Jefferson, 208
Jefferon, 369
Jeff, 857
Jeff, 1546
Jeff, 1201
Jeff, 1619
Jeff, 3840
Jeff, 3840
Jeff, 3840
Jeff, 3840
Jeff, 3840
Jeff, 3840
Jeff, 3840
, 1602
, 1386
, 1789
, 1789
, 1789
, 1230
, 1230
, 1230
, 1608
, 1619
, 1619
, 1619
, 2223
, 2223
, 2223
, 2223
, 2223
, 2223
, 2223
, 2223
, 2223
, 2313
, 2313
, 2313
, 2313
, 2313
, 2313
, 2313
, 2313
, 2313
, 2313
, 2313
, 2313
, 2313
, 2313
, 2313
, 2380
, 2380
, 2380
, 3466
, 3466
, 3466
, 3466
, 3526
, 3526
, 3526
, 6050
, 6050
, 6050
